0,384
27,5
0,319
0,318
27,4
0,317
0,316
25,4
27,3
27,2
27,1
27,0
0,283
0,243
26,3
26,2
26,1
26,0
25,3
25,2
0,9
25,1
25,0
10,103
10,175
10,84
10,160
10,237
10,223
10,134
11,15
11,13
9,7
8,6
8,16
8,17
20,3
20,2
20,1
19,3
19,2
19,1
12,3
12,2
12,1
11,28
11,27
11,26
11,25
11,24
11,23
11,22
11,21
11,20
11,19
11,17
11,16
11,11
11,10
11,5
11,3
11,2
11,1
10,302
10,301
10,300
10,299
10,298
10,297
10,296
10,295
10,294
10,293
10,292
10,291
10,290
10,289
10,288
10,287
10,286
10,285
10,284
10,283
10,282
10,281
